,ATL,BOS,BRK,CHO,CHI,CLE,DAL,DEN,HOU,DET,GSW,IND,LAC,LAL,MEM,MIA,MIL,MIN,NOP,NYK,OKC,ORL,PHI,PHO,POR,SAC,SAS,TOR,UTA,WAS
ATL,0.0,0.0,0.0,99.7,100.7,97.6,0.0,0.0,101.4,0.0,100.5,97.6,0.0,98.15,0.0,97.9,98.8,0.0,95.5,95.9,0.0,0.0,99.85,101.4,0.0,93.7,0.0,0.0,93.9,102.75
BOS,0.0,0.0,102.35,94.6,94.65,99.4,89.7,100.3,0.0,89.5,95.7,93.1,0.0,0.0,0.0,96.8,0.0,93.5,99.8,101.4,0.0,0.0,0.0,0.0,0.0,0.0,93.3,0.0,0.0,90.9
BRK,0.0,102.35,0.0,103.0,101.2,0.0,0.0,0.0,0.0,97.3,0.0,98.9,98.7,108.1,0.0,0.0,101.7,101.8,0.0,101.2,102.1,0.0,0.0,107.8,100.5,97.9,0.0,0.0,0.0,0.0
CHO,99.7,94.6,103.0,0.0,0.0,92.5,0.0,0.0,0.0,95.1,0.0,104.6,0.0,0.0,93.5,97.2,96.5,98.1,100.0,96.95,0.0,0.0,96.5,0.0,0.0,0.0,95.2,94.8,92.9,0.0
CHI,100.7,94.65,101.2,0.0,0.0,0.0,0.0,97.3,0.0,0.0,0.0,92.15,84.1,100.15,0.0,91.6,0.0,0.0,0.0,89.4,0.0,94.0,99.1,0.0,97.5,0.0,0.0,0.0,86.2,97.1
CLE,97.6,99.4,0.0,92.5,0.0,0.0,96.7,0.0,92.8,95.3,0.0,97.1,0.0,0.0,0.0,0.0,99.6,0.0,0.0,99.9,0.0,96.5,99.45,0.0,98.3,0.0,0.0,96.45,0.0,97.4
DAL,0.0,89.7,0.0,0.0,0.0,96.7,0.0,0.0,92.3,0.0,90.9,103.6,98.2,90.2,86.7,0.0,90.2,0.0,85.4,86.8,0.0,94.2,0.0,0.0,95.6,0.0,86.6,0.0,88.4,0.0
DEN,0.0,100.3,0.0,0.0,97.3,0.0,0.0,0.0,0.0,93.35,98.4,0.0,0.0,0.0,98.5,100.8,0.0,100.3,107.1,0.0,101.2,0.0,0.0,101.3,102.75,0.0,0.0,95.55,94.9,0.0
HOU,101.4,0.0,0.0,0.0,0.0,92.8,92.3,0.0,0.0,93.0,0.0,0.0,0.0,99.4,0.0,0.0,0.0,0.0,0.0,100.2,100.1,0.0,96.7,0.0,98.4,97.7,94.05,94.3,89.85,96.1
DET,0.0,89.5,97.3,95.1,0.0,95.3,0.0,93.35,93.0,0.0,0.0,0.0,91.75,0.0,0.0,93.1,93.2,0.0,0.0,92.35,95.3,95.3,0.0,101.3,0.0,0.0,85.6,95.2,0.0,0.0
GSW,100.5,95.7,0.0,0.0,0.0,0.0,90.9,98.4,0.0,0.0,0.0,100.9,0.0,102.475,0.0,0.0,99.3,94.9,102.8,0.0,96.9,0.0,0.0,102.95,105.3,0.0,98.3,99.6,0.0,0.0
IND,97.6,93.1,98.9,104.6,92.15,97.1,103.6,0.0,0.0,0.0,100.9,0.0,93.2,102.9,0.0,0.0,100.2,0.0,0.0,0.0,98.5,93.6,95.8,93.3,94.1,0.0,0.0,0.0,0.0,0.0
LAC,0.0,0.0,98.7,0.0,84.1,0.0,98.2,0.0,0.0,91.75,0.0,93.2,0.0,0.0,94.7,0.0,0.0,94.2,0.0,0.0,100.3,0.0,0.0,105.7,97.2,100.2,93.7,98.9,88.8,0.0
LAL,98.15,0.0,108.1,0.0,100.15,0.0,90.2,0.0,99.4,0.0,102.475,102.9,0.0,0.0,0.0,0.0,0.0,96.6,94.7,0.0,102.05,0.0,0.0,106.0,0.0,97.6,93.0,0.0,92.1,0.0
MEM,0.0,0.0,0.0,93.5,0.0,0.0,86.7,98.5,0.0,0.0,0.0,0.0,94.7,0.0,0.0,89.6,92.3,89.2,92.6,96.4,0.0,0.0,95.4,0.0,91.7,0.0,0.0,90.8,84.6,90.4
MIA,97.9,96.8,0.0,97.2,91.6,0.0,0.0,100.8,0.0,93.1,0.0,0.0,0.0,0.0,89.6,0.0,91.1,0.0,0.0,0.0,92.8,94.3,90.6,0.0,0.0,95.1,93.8,92.1,91.8,93.8
MIL,98.8,0.0,101.7,96.5,0.0,99.6,90.2,0.0,0.0,93.2,99.3,100.2,0.0,0.0,92.3,91.1,0.0,0.0,100.15,0.0,0.0,96.95,0.0,0.0,0.0,89.7,0.0,86.2,0.0,0.0
MIN,0.0,93.5,101.8,98.1,0.0,0.0,0.0,100.3,0.0,0.0,94.9,0.0,94.2,96.6,89.2,0.0,0.0,0.0,105.9,94.3,93.3,92.2,90.1,98.3,0.0,89.4,0.0,0.0,92.7,0.0
NOP,95.5,99.8,0.0,100.0,0.0,0.0,85.4,107.1,0.0,0.0,102.8,0.0,0.0,94.7,92.6,0.0,100.15,105.9,0.0,0.0,0.0,94.4,0.0,96.2,98.85,92.9,93.6,0.0,0.0,0.0
NYK,95.9,101.4,101.2,96.95,89.4,99.9,86.8,0.0,100.2,92.35,0.0,0.0,0.0,0.0,96.4,0.0,0.0,94.3,0.0,0.0,93.5,0.0,0.0,0.0,99.5,0.0,0.0,98.6,91.0,94.9
OKC,0.0,0.0,102.1,0.0,0.0,0.0,0.0,101.2,100.1,95.3,96.9,98.5,100.3,102.05,0.0,92.8,0.0,93.3,0.0,93.5,0.0,96.3,100.3,104.5,0.0,96.4,0.0,93.3,0.0,98.1
ORL,0.0,0.0,0.0,0.0,94.0,96.5,94.2,0.0,0.0,95.3,0.0,93.6,0.0,0.0,0.0,94.3,96.95,92.2,94.4,0.0,96.3,0.0,94.6,94.7,0.0,90.3,92.7,0.0,88.8,89.5
PHI,99.85,0.0,0.0,96.5,99.1,99.45,0.0,0.0,96.7,0.0,0.0,95.8,0.0,0.0,95.4,90.6,0.0,90.1,0.0,0.0,100.3,94.6,0.0,106.0,0.0,0.0,0.0,91.9,93.1,98.0
PHO,101.4,0.0,107.8,0.0,0.0,0.0,0.0,101.3,0.0,101.3,102.95,93.3,105.7,106.0,0.0,0.0,0.0,98.3,96.2,0.0,104.5,94.7,106.0,0.0,101.4,96.8,0.0,0.0,0.0,100.9
POR,0.0,0.0,100.5,0.0,97.5,98.3,95.6,102.75,98.4,0.0,105.3,94.1,97.2,0.0,91.7,0.0,0.0,0.0,98.85,99.5,0.0,0.0,0.0,101.4,0.0,91.7,0.0,0.0,90.5,0.0
SAC,93.7,0.0,97.9,0.0,0.0,0.0,0.0,0.0,97.7,0.0,0.0,0.0,100.2,97.6,0.0,95.1,89.7,89.4,92.9,0.0,96.4,90.3,0.0,96.8,91.7,0.0,92.85,90.5,0.0,96.4
SAS,0.0,93.3,0.0,95.2,0.0,0.0,86.6,0.0,94.05,85.6,98.3,0.0,93.7,93.0,0.0,93.8,0.0,0.0,93.6,0.0,0.0,92.7,0.0,0.0,0.0,92.85,0.0,0.0,90.9,93.1
TOR,0.0,0.0,0.0,94.8,0.0,96.45,0.0,95.55,94.3,95.2,99.6,0.0,98.9,0.0,90.8,92.1,86.2,0.0,0.0,98.6,93.3,0.0,91.9,0.0,0.0,90.5,0.0,0.0,0.0,95.7
UTA,93.9,0.0,0.0,92.9,86.2,0.0,88.4,94.9,89.85,0.0,0.0,0.0,88.8,92.1,84.6,91.8,0.0,92.7,0.0,91.0,0.0,88.8,93.1,0.0,90.5,0.0,90.9,0.0,0.0,0.0
WAS,102.75,90.9,0.0,0.0,97.1,97.4,0.0,0.0,96.1,0.0,0.0,0.0,0.0,0.0,90.4,93.8,0.0,0.0,0.0,94.9,98.1,89.5,98.0,100.9,0.0,96.4,93.1,95.7,0.0,0.0
